{
  "nbformat": 4,
  "nbformat_minor": 0,
  "metadata": {
    "colab": {
      "name": "Invers Matriks.ipynb",
      "provenance": [],
      "authorship_tag": "ABX9TyNiOVJXWHVXBnwFgeB0oN0k",
      "include_colab_link": true
    },
    "kernelspec": {
      "name": "python3",
      "display_name": "Python 3"
    },
    "language_info": {
      "name": "python"
    }
  },
  "cells": [
    {
      "cell_type": "markdown",
      "metadata": {
        "id": "view-in-github",
        "colab_type": "text"
      },
      "source": [
        "<a href=\"https://colab.research.google.com/github/nabilaaryanti/Aljabar_Linear/blob/main/Invers_Matriks.ipynb\" target=\"_parent\"><img src=\"https://colab.research.google.com/assets/colab-badge.svg\" alt=\"Open In Colab\"/></a>"
      ]
    },
    {
      "cell_type": "code",
      "execution_count": 1,
      "metadata": {
        "id": "tScBgAUXIoRA"
      },
      "outputs": [],
      "source": [
        "import numpy as np"
      ]
    },
    {
      "cell_type": "code",
      "source": [
        "A = np.array([[6, 1, 1, 3],\n",
        "              [4, -2, 5, 1],\n",
        "              [2, 8, 7, 6],\n",
        "              [3, 1, 9, 7]])"
      ],
      "metadata": {
        "id": "TE91CAbqSym4"
      },
      "execution_count": 2,
      "outputs": []
    },
    {
      "cell_type": "code",
      "source": [
        "invers = np.linalg.inv(A)"
      ],
      "metadata": {
        "id": "aO5zCYA0S7aQ"
      },
      "execution_count": 3,
      "outputs": []
    },
    {
      "cell_type": "code",
      "source": [
        "print(invers)"
      ],
      "metadata": {
        "colab": {
          "base_uri": "https://localhost:8080/"
        },
        "id": "nYCzZybdS3zA",
        "outputId": "2e5421eb-3c14-424f-8f9b-e2d51b51dff7"
      },
      "execution_count": 4,
      "outputs": [
        {
          "output_type": "stream",
          "name": "stdout",
          "text": [
            "[[ 0.13368984  0.10695187  0.02139037 -0.09090909]\n",
            " [-0.00229183  0.02673797  0.14820474 -0.12987013]\n",
            " [-0.12987013  0.18181818  0.06493506 -0.02597403]\n",
            " [ 0.11000764 -0.28342246 -0.11382735  0.23376623]]\n"
          ]
        }
      ]
    },
    {
      "cell_type": "code",
      "source": [
        ""
      ],
      "metadata": {
        "id": "iF745-GbTBXG"
      },
      "execution_count": null,
      "outputs": []
    }
  ]
}